
girin={
	location=730
	color={
		41 82 45 
	}

	outgoing={
		name="beijing"
		path={
			2110 726 704 1816
		}
		control={
			4752.000000 1386.000000 4719.000000 1397.000000 4671.000000 1368.000000 
		}
	}
	
	outgoing={
		name="nippon"
		path={
			732 1377 1376 
		}
		control={
			4805.000000 1332.000000 4833.000000 1296.000000 4845.000000 1259.000000 
		}
	}

	members={
		1850 1049 2107 2108 2111 2106 2186 1058 2102 2104 1053 2103 1034 1035 1036 1037 1038 1039 1040 1041 1042 1043 1044 1046 1047 1052 1783 2438 2439 2440 2446  1055 1056 1057 730 2110 2188 4201 1033 1048 1050 4214 4216 729 731 2105 4215 4217 722 2109 2187 4202 4203 724 725 4218 727 728 2185 4200
		4654 4655 4656 4657 4658 4659 4660 4661 4662 4653 4663
		4664 4665 4674 4675 4672 2115
	}
}

lhasa={
	location=677
	inland=yes
	members={
		2129 2128 676 705 706 2134 4204 677 2130 4205 
		565 4481 4482 #bhutan_area
		557 2070 2071 4483 4485 #nepal_area
		4514 4515 4516 4517 4518 4519 4520 #new tibetan provinces
	}
	outgoing={
		name="chengdu"
		path={
			2132 2167 675 679
		}
		control={
			4286.000000 1196.000000 4365.000000 1197.000000 4427.310059 1151.910034 
		}
	}
}
chengdu={
	location=679
	inland=yes

	outgoing={
		name="canton"
		path={
			680 673 2163 2165 665 667 1371
		}
		control={
			4506.000000 1143.000000 4513.000000 1093.000000 4498.000000 1039.000000 4528.000000 1030.000000 4568.000000 1025.000000 4580.000000 1023.000000
		}
	}

	outgoing={
		name="xian"
		path={
			2169 689 700
		}
		control={
			4474.000000 1173.000000 4519.000000 1194.000000
		}
	}

	members={
		2132 2167 678 2135 2131 2133 660 661 2165 2166 679 680 4212 2169 2170 4211 675 2168 2748 4213
	}
}
canton={
	location=1371

	outgoing={
		name="hangzhou"
		path={
			1372 1824 684
		}
		control={
			4640.000000 1012.000000 4686.000000 1065.000000 4720.000000 1127.000000 
		}
	}
	members={
		2161 1371 610 613 616 664 665 666 667 668 672 738 1016 1840 2154 2155 2156 2157 2158 2159 2160 2162 2163 2164 2173 2174 2372 671 2373 662 663 673 674 4199 
	}
}
philippines={
	location=1397

	outgoing = {
		name = nippon
		path = { 1015}
		control = {4814.000 1095.000 }
	}

	outgoing={
		name="canton"
		path={
			1397 1394 
		}
		control={
			4727.000000 885.000000 4711.000000 876.000000 4704.000000 866.000000 4672.000000 874.000000 4644.000000 947.000000 
		}
	}

	members={
		1397 
		2701 2702 4355 #mindanao_area
		652 653 4354 #west_mindanao_area
		654 2700 4351 4352 4353 #visayas_area
		651 655 4356 #palawan_area
		657 658 2698 4348 #luzon_area
		656 2697 2699 4349 4350 #southern_luzon_area
	}
	
	ai_will_propagate_through_trade = yes
}
polynesia_node={
	location=1239
	color={
		220 138 57 
	}

	outgoing={
		name="australia"
		path={
			1412 
		}
		control={
			5197.000 203.000
		}
	}

	
	
	members={
	1107 2737 1108 2739 1106
	1238 1242 1244 1989 1243
	1990 1992 1240 1997
	1235 1995 1996 1241 1991
	1993 1994 1988 1986 1236
	1987 1239
	1109 1246 2738
	}
	
	ai_will_propagate_through_trade = yes
}
australia={
	location=1411

	outgoing={
		name="the_moluccas"
		path={
		1411 1407 1410 1409 1401 1357 
		}
		control={
			5196.000000 344.000000 5122.000000 453.000000 4963.000000 459.000000 4902.000000 544.000000 4800.000000 542.000000
		}
	}

	members={
		1085 1086 1087 1088 1089 1090 1091 1092 1093 1790 1791 1094 1084 1412 2726 2727 2728 2729 2730 2731 2732 2733 2734 2735 2736 
		1411
	}
}
nippon={
	location=1376

	
	outgoing={
		name="hangzhou"
		path={
			1389 1373 684 
		}
		control={
			4801.000000 1197.000000 4760.000000 1154.000000 
		}
	}
	
	
	members={
		1376 1012 1014 1017 1018 1019 1020 1021 1023 1024 1025 1026 1027 1028 1029 1030 1031 1032 1818 1819 1820 1825 1830 1832 1835 1837 1839 1843 1847 1852 4131 4180 4181 4182 4183 4184 4185 4186 4187 4188 4189 4190 4191 4192 4193 1015 4359 4360 4651
		1845 2744 4232 #pyongan_area
		732 2742 2743 #hamgyeong_area
		733 735 4230 4231 #western_korea_area
		734 736 2694 2745 4227 #eastern_korea_area
		737 1013 2741 4228 4229 #south_korea_area
		200 201 202 203 204 205 206 207 208 209 210 211 212 213 214 215 216 217 218 219 220 221 222 223 224 225 226 227 228 229 230 231 232 233 234 235 236 237 238 239 #AUS
	}
}
hangzhou={
	location=684

	outgoing={
		name="beijing"
		path={
			684 1373 1374 1375 
		}
		control={
			4731.000000 1164.000000 4743.000000 1243.000000 4715.000000 1289.000000 4689.000000 1298.000000 
		}
	}

	

	members={
		669 670 683 684 685 686 1821 1822 1824 1829 1833 1838 1897 2143 2144 2145 2146 2147 2148 2149 2150 2151 2152 2153 2141 2142 4196 
	}
}
xian={
	location=700
	inland=yes

	outgoing={
		name="beijing"
		path={
			1836 692 2137 2140 691 2138 1375 1816
		}
		control={
			4532.000000 1227.000000 4550.000000 1235.000000 4592.540039 1233.510010 4622.000000 1257.000000 4638.000000 1267.000000 4660.000000 1280.000000 4671.000000 1300.000000
		}
	}

	outgoing={
		name="hangzhou"
		path={
			700 1836 687 686 
		}
		control={
			4537.000000 1199.000000 4573.000000 1192.000000 4599.000000 1195.000000 4652.000000 1177.000000 4684.000000 1156.000000 
		}
	}
	
	members={
		687 1836 2181 2180 698 699 688 692 2183 2175 2176 681 682 2171 2172 4197 689 700 2179 4198 701 709 2191 4223 
		4676
	}
}
beijing={
	location=4233

	end = yes


	
	members={
		690 691 702 2138 2139 2140 2114 2747 703 1816 2136 4194 695 696 2137 4195 704 726 2112 2113 693 694 697 2177 2178 
		4233 4652
		4671 4670
	}
}
the_moluccas={
	location=1357

	outgoing={
		name="philippines"
		path={
			1357 1399 
		}
		control={
			4750.479980 567.989990 4730.000000 612.000000 4773.000000 665.000000 4747.000000 732.000000 4692.000000 752.000000 4739.000000 798.000000 4743.000000 815.000000 4744.000000 846.000000 
		}
	}

	outgoing={
		name="malacca"
		path={
			1358 1360
		}
		control={
			4669.000000 535.000000 4548.000000 575.000000 4489.000000 622.000000 
		}
	}

	members={
		646 2687 2688 2689 2690 2718 2724 1357 1245 647 645 2717 648 649 650 2725 2696 2695 635 633 634 643 2713 2714 642 2715 641 2716 632 627 2691 631 2693 629 2692 628 626 625 630 624 644 2723 
		2722 2721 1237 2720 2719 # eastern papua
		1789 # papua wasteland
	}
	
	ai_will_propagate_through_trade = yes
}
gulf_of_siam={
	location=1365
	color={
		84 152 93 
	}
	members={
		592 600 601 602 603 604 605 606 609 607 608 611 612 614 615 1817 1823 1844 1022 2374 2375 2376 2377 2378 2379 2380 2381 2382 2383 2384 2385 2386 2387 2388 2389 591 2404 2371 1365
		589 #Karenni
	}
	outgoing = {
		name = canton
		path = { 1016 }
		control = {4453.000 945.000 }
	}
	outgoing = {
		name = burma
		path = { 589 }
		control = {4341.000 955.000 }
	}
}
malacca={
	location=1361

	outgoing={
		name="canton"
		path={
			1361 1362 1367 1394 
		}
		control={
			4475.000000 665.000000 4459.000000 737.000000 4555.000000 789.000000 4611.000000 901.000000 
		}
	}

	outgoing={
		name="philippines"
		path={
			1367 
		}
		control={
			4484.000000 666.000000 4536.000000 720.000000 4602.000000 783.000000 4659.000000 831.000000 4699.000000 834.000000 
		}
	}



	outgoing={
		name="gulf_of_siam"
		path={
			1361 1362 1364 
		}
		control={
			4446.000000 665.000000 4431.000000 709.000000 4403.000000 767.000000 
		}
	}
	
	members={
		593 594 595 596 597 598 599 617 618 619 620 621 622 623 636 637 638 639 640 659 1361 2390 2391 2392 2393 2394 2673 2674 2675 2676 2677 2678 2679 2680 2681 2682 2683 2684 2685 2686 2703 2704 2705 2706 2707 2708 2709 2710 2711 2712 2740 
	}
	
	ai_will_propagate_through_trade = yes
}
siberia={
	location=1064
	inland=yes

	outgoing={
		name="girin"
		path={
			1064 1062 1060 1057 721 722 2109 
		}
		control={
			4365.000000 1590.000000 4431.000000 1539.000000 4604.000000 1533.000000 4726.000000 1497.000000 
		}
	}

	outgoing = {
		name = yumen
		path = { 4222}
		control = {4243.000 1518.000 }
	}

	members={
		1782 1781 1071 479 1054 1059 1061 1062 1063 1064 1067 1068 1070 480 1069 1073 1074 1080 1078 1075 1076 2357 2369 2427 2428 2429 2430 2431 2432 2433 2434 2436 2437 2442 2443 2445 1072 1780 1045 2435 1051 2441 2354 716 1065 1066 
		1060
		4679 4686 4687 4688 4689 4690 4691 4692
		1966 2420 1965 475 2444 473 4257 2421 4265 305 1972 1082 4266 4267 1962 1079 1077 1963 1964 4129#AUS
	}
}
yumen={
	location=707
	inland=yes

	outgoing={
		name="xian"
		path={
			707 706 698 689 
		}
		control={
			4436.000000 1282.000000 4476.000000 1256.000000 4503.000000 1223.000000 
		}
	}

	outgoing={
		name="beijing"
		path={
			707 709 701 697 696  695 
		}
		control={
			4429.000000 1321.000000 4520.000000 1311.000000 4583.000000 1333.000000 4642.000000 1325.000000 
		}
	}
	
	members={
		710 1786 707 708 711 714 719 1784 2118 2119 2123 2189 2190 2194 2182 2184 2122 4206 4207 717 721 2116 4219 4220 720 2193 4221 713 715 2120 4208 718 2117 4222 712 2121 2192 
		4673 4666 4667 723 4669 4668 4681 4683 4682 4678 4677 4680 4684 4693
	}
}
burma={
	location=584
	color={
		35 229 76
	}
	inland=yes

	outgoing={
		name="chengdu"
		path={
			2400 583 2166 2167 675 
		}
		control={
			4303.000000 1027.000000 4374.000000 1058.000000 4416.000000 1100.000000 
		}
	}

	members={
		570 573 2041 #naga_hills_area
		584 2399 581 #upper_burma_area
		2398 580 4393 2397 #chindwin_area
		566 571 2040 2042 4440 #assam_area
		4394 4396 585 4395 #central_burma_area
		583 588 2400 4397 4406 #shan_hill_area
		587 2401 4398 #karenni_area 
		582 2395 2396 4404 4405 #kachin_area
		567 2091 4473 #tripura_area
	}
}
ganges_delta={
	location=1343

	outgoing={
		name="lhasa"
		path={
			4479 562 
		}
		control={
			4234.000000 1003.000000 4221.000000 1026.000000 4207.000000 1038.000000 4210.000000 1047.000000 4203.000000 1058.000000 4205.000000 1073.000000 4187.000000 1090.000000 4206.000000 1106.000000 4201.000000 1131.000000 
		}
	}

	outgoing={
		name="malacca"
		path={
			1343 1344 1345 1347 1348 
		}
		control={
			4242.000000 943.000000 4279.000000 878.000000 4311.000000 813.000000 4329.000000 740.000000 
		}
	}

	outgoing={
		name="burma"
		path={
			1815 4396 
		}
		control={
			4254.000000 947.000000 4277.000000 895.000000 4306.000000 891.000000 4297.000000 951.000000 
		}
	}
	
	members={
		1343
		553 2082 4447 4451 4452 #upper_mahanadi_area
		547 2048 4445 4446 4448 #garjat_area
		561 2081 4476 4477 #west_bengal_area
		564 2039 4474 4475 4478 #east_bengal_area
		552 2038 2043 2049 4441 #orissa_area
		560 2096 4450 4470 4471 #jharkhand_area
		562 2045 2046 4486 #north_bengal_area
		563 2044 4479 #gaur_area
		568 579 2402 #arakan_area
		586 590 1815 2403 4399 #lower_burma_area
		558 4469 4472 4489 #bihar_area
		2047 4484 4487 4488 #mithila_area
	}
}
doab={
	location=524
	color={
		236 162 19 
	}
	inland=yes

	outgoing={
		name="ganges_delta"
		path={
			2063 556 2095 558 2044 563 564 1343 
		}
		control={
			4056.000000 1086.000000 4076.000000 1067.000000 4106.000000 1059.000000 4130.000000 1065.000000 4151.000000 1062.000000 4162.000000 1064.000000 4178.000000 1059.000000 4187.000000 1046.000000 4182.000000 1038.000000 4186.000000 1026.000000 4184.000000 1014.000000 
		}
	}

	members={
		522 2060 2062 #upper_doab_area
		2061 4498 4499 #katehar_area
		519 520 2064 4500 #jaipur_area
		523 2094 4494 4495 4497 #oudh_area
		555 2055 2095 4490 #purvanchal_area
		524 556 2063 4496 #lower_doab_area
		525 528 740 4464 4465 #gird_area
		559 2059 4459 4466 4467 #bundelkhand_area
		2097 2098 4468 #baghelkhand_area
		4491 4492 554 #baisi_rajya_area
		509 511 2069 4493 #himalayan_hills_area
	}
}
lahore={
	location=507
	color={
		63 150 30 
	}
	inland=yes

	outgoing={
		name="doab"
		path={
			4411 2062 522 
		}
		control={
			3981.000000 1151.000000 4009.000000 1144.000000 4021.000000 1115.000000 
		}
	}
	
	outgoing={
		name="lhasa"
		path={
			508 2074 2128 2129 
		}
		control={
			4046.000000 1217.000000 4149.000000 1199.000000 
		}
	}
	
	members={
		1785 1787 2200 #Wastelands
		508 2073 2074 4449 4521 #kashmir_area
		507 2075 2076 4510 4513 #lahore_area
		506 2079 2086 4508 4509 #multan_area
		2077 2078 4511 #sind_sagar_area
		510 2065 4411 4463 #sirhind_area
		576 577 2068 #kalat_area
		448 451 452 578 2226 #kabulistan_area
		447 449 2225 #ghor_area
		450 2227 2228 #balkh_area
	}
}
deccan={
	location=1948
	color={
		241 13 61
	}
	inland=yes

	outgoing={
		name="doab"
		path={
			2057 740 525 
		}
		control={
			3987.000000 966.000000 3998.000000 1002.000000 4018.000000 1024.000000 4030.000000 1062.000000 4014.000000 1082.000000 
		}
	}

	members={
		526 2056 2057 2093 4461 #malwa_area
		550 551 2092 4458 4460 #gondwana_area
		532 2033 4428 #raichur_doab_area
		2028 4438 4444 #telingana_area
		542 2037 4436 4439 #golconda_area
		527 4434 4453 #khandesh_area
		569 1948 2035 4435 #maidan_area
		546 548 2050 4442 4443 #berar_area
		1946 2034 4431 #desh_area
		544 545 4432 4433 4437 #ahmednagar_area
	}
}
comorin_cape={
	location=1340
	color={
		13 1 179
	}
	
	outgoing={
		name="ganges_delta"
		path={
			1340 1341 1342 
		}
		control={
			4037.000000 783.500000 4126.000000 928.000000 
		}
	}

	outgoing={
		name="deccan"
		path={
			2026 4414 4422 541 
		}
		control={
			4006.000000 783.000000 4035.000000 814.000000 4024.000000 827.000000 4019.000000 855.000000 4009.000000 873.000000 4000.000000 889.000000 4009.000000 916.000000 
		}
	}
	
	members={
		1340
		2083 4418 4419 4420 #north_carnatic_area
		539 540 1947 2027 4417 #south_carnatic_area
		536 2101 4412 #madura_area
		2100 4408 4409 #lanka_area
		572 2099 4407 #south_lanka_area
		574 1101 1248 1998 1999 #indian_ocean_islands_area
		538 2085 4414 #kongu_area
		2026 4415 4416 #tanjore_area
		533 2031 4421 4422 4426 #mysore_area
		541 1949 2090 4423 4424 #rayalaseema_area
		534 535 537 4410 4413 #malabar_area
		531 2029 2030 2032 4427 #kanara_area
		543 549 2084 2080 4425 #andhra_area
	}
}
gujarat={
	location=504
	color={
		135 104 85 
	}

	outgoing={
		name="lahore"
		path={
			2072 506 
		}
		control={
			3879.000000 1059.000000 3872.000000 1087.000000 3921.000000 1136.000000 
		}
	}

	outgoing={
		name="deccan"
		path={
			1337 517 4433 
		}
		control={
			3919.000000 945.000000 3964.000000 943.000000 
		}
	}

	outgoing={
		name="comorin_cape"
		path={
			1337 2030 1339 
		}
		control={
			3895.000000 915.000000 3952.000000 822.000000 
		}
	}
	
	members={
		518 2058 2087 4501 4462 #mewar_area
		512 4502 4507 2066 #jangladesh_area
		513 514 2067 4506 #marwar_area
		504 2088 4503 4504 #sindh_area
		505 2072 4505 #northern_sindh_area
		529 530 2089 4429 #konkan_area
		515 521 2052 4454 4455 #saurashtra_area
		517 2036 4430 #tapti_area
		503 2053 4456 4480 #patan_area
		516 2051 2054 4512 4457 #ahmedabad_area
	}
}


gulf_of_aden={
	location=4346

	outgoing={
		name="comorin_cape"
		path={
			1331 1451 1615 
		}
		control={
			3715.000000 850.000000 3866.000000 794.500000 
		}
	}

	outgoing={
		name="gujarat"
		path={
			1331 1332 1333 1336 
		}
		control={
			3677.000000 901.000000 3760.000000 967.000000 3809.000000 1011.000000 
		}
	}
	outgoing={
		name="hormuz"
		path={
			1332 1333 1334 
		}
		control={
			3663.000000 915.000000 3763.000000 1013.000000 
		}
	}
	
	
	members={
		2324 2775 2782 2783 2786 2788 2789 2790 2793 2794 2795 2024 1205 1206 1209 1212 1215 1230 2765 2773 2792 2784 1211 2764 2787 1232 1331 1779 
		2768 #Angot
		401 2341 2342 #dhofar_area
		402 1099 4284 #mahra_area
		387 2346 4279 #tihama_al_yemen_area
		390 2344 4281 #upper_yemen_area
		388 2345 4280 #yemen_area
		386 391 4282 #asir_area
		389 2343 4283 #hadramut_area
		1328 1329 1330 4333 #Red Sea Area
		4346
		4024 1103 1102 1100#AUS
	}
}
hormuz={
	location=1334

	outgoing={
		name="gujarat"
		path={
			1334 1336 
		}
		control={
			3799.000000 1035.000000 
		}
	}

	outgoing={
		name="persia"
		path={
			433 
		}
		control={
			3656.000 1179.000 
		}
	}
	
	
	members={
		397 398 404 2333 #pirate_coast_area
		432 2220 2234 4345 #kerman_area
		434 575 2231 2232 2233 #makran_area
		430 2219 2223 4332  #persian_gulf_coast
		2218 4329 4330 4331 #farsistan_area
		403 4285 4287 #oman_area
		399 400 4286 #mascat_area
		431 2999 4327 #mogostan_area
		1332 1334 1335 4347#Sea
		2339 395 2347 396 2217 4342 #AUS
	}
}

samarkand={
	location=454
	inland=yes

	outgoing={
		name="siberia"
		path={
			454 457 1969 477 478 480 
		}
		control={
			3892.000000 1348.000000 3976.000000 1372.000000 4058.000000 1443.000000 4161.000000 1597.000000 
		}
	}
	
	outgoing={
		name="lahore"
		path={
			454 453 450 451 578 
		}
		control={
			3831.000000 1274.000000 3866.000000 1243.000000 3877.000000 1222.000000 3924.000000 1220.000000 
		}
	}

	outgoing={
		name="yumen"
		path={
			454 1967 452 1785 739 1786 713 
		}
		control={
			3863.000000 1312.000000 3893.000000 1304.000000 3932.000000 1308.000000 3994.000000 1290.000000 4047.000000 1300.000000 4131.000000 1298.000000 4257.000000 1318.000000 
		}
	}
	
	members={
		440 441 442 444 445 453 454 455 456 457 459 476 477 1967 1969 1970 1973 461 478 2126 2370 2362 2363 2356 2364 2368 2355 2360 2361 2358 2352 2351 2353 2359 458 2125 460 2350 437 438 439 443 2349 739 2124 2127 4209 4210 
		1968 4344 4343 #termez_area
		4685
		465 471 472 470 2366 469 2367 474#AUS
	}
}
persia={
	location=4341
	color={
		204 119 31 
	}
	inland=yes

	outgoing={
		name="samarkand"
		path={
			426 427 437 438 441 442 
		}
		control={
			3649.000000 1263.000000 3672.000000 1286.000000 3696.000000 1301.000000 3744.000000 1293.000000 3781.000000 1294.000000 3820.000000 1295.000000 
		}
	}
	
	outgoing={
		name="lahore"
		path={
			2214 2235 2221 446 450 451 578 
		}
		control={
			3668.000000 1269.000000 3691.000000 1246.000000 3757.000000 1247.000000 3776.000000 1217.000000 3841.000000 1244.000000 3866.000000 1216.000000 3920.000000 1210.000000 
		}
	}

	

	members={
		435 2224 2229 2230 #sistan_area
		436 4334 4336 #birjand_area
		446 4324 4325 #herat_area
		2221 2235 2236 4326 #mashhad_area
		417 426 2214 4339 4341 #tabarestan_area
		427 428 2213 2216 4337 #iraq_e_ajam_area
		429 433 2222 4335 4171 #isfahan_area
		419 420 2202 2205 4302 #armenia_area
		421 424 4299 4305 4340 #shirvan_area
		416 2206 2207 4304 #tabriz_area
		2212 2215 4300 4338 #azerbaijan_area
		4177 4170 4172 4179#Wasteland
	}
}
